00100000000010000111111111111111
00100000000010010100000000000000
00000001000010010000000000011000
00000000000000000100000000010010
00000001000010010000000000011000
00000000000000001000000000010000
00000000000000001000100000010010
00000001000010010000000000011010
00000000000000001001000000010000
00000000000000001001100000010010
00000001000010010000000000011001
00000000000000000100000000010010
00000001000010010000000000011001
00000000000000001010000000010000
00000000000000001010100000010010
00000001000010010000000000011011
00000000000000001011000000010000
00000000000000001011100000010010
