00100000000010000000000000000001
00100001000010010000000000000010
00100001001010100000000000000011
00100001010010110000000000000100
00100001011011000000000000000101
00000001000011000110100000100000
00100000000010000000000000000001
00100001000010010000000000000010
00100001001010100000000000000011
00100001010010110000000000000100
00100001011011000000000000000101
00000001000011000110100000100000
00100000000010000000000000000001
00100001000010010000000000000010
00100001001010100000000000000011
00100001010010110000000000000100
00100001011011000000000000000101
00000001000011000110100000100000
