00000000000100000010000000100000
00001100000000000000000000000100
00000000000000101000100000100000
00001000000000000000000000010100
00100011101111011111111111111000
10101111101100000000000000000000
10101111101100010000000000000100
00000000000000001000100000100000
00000000000000001000000000100000
00000010000001000100000000101010
00010001000000000000000000000100
00000010001100001000100000100000
00100010001100010000000000000001
00100010000100000000000000000001
00001000000000000000000000001001
00000000000100010001000000100000
10001111101100010000000000000100
10001111101100000000000000000000
00100011101111010000000000001000
00000011111000000000000000001000
