00000000000100000010000000100000
00001100000000000000000000000100
00000000000000101000100000100000
00001000000000000000000000010101
00100011101111011111111111111000
10101111101001000000000000000000
10101111101111110000000000000100
00101000100010000000000000000001
00010101000000000000000000000101
10001111101111110000000000000100
10001111101001000000000000000000
00000000000000000001000000100000
00100011101111010000000000001000
00000011111000000000000000001000
00100000100001001111111111111111
00001100000000000000000000000100
10001111101001000000000000000000
10001111101111110000000000000100
00000000010001000001000000100000
00100011101111010000000000001000
00000011111000000000000000001000
