00100000000001000000000000000011
00100000000001010000000000000000
00100000000001100000000000000001
00100000000001110000000000000010
00001100000000000000000000000110
00001000000000000000000000101010
00100011101111011111111111101100
10101111101001000000000000000000
10101111101001010000000000000100
10101111101001100000000000001000
10101111101001110000000000001100
10101111101111110000000000010000
00101000100010000000000000000010
00010001000000000000000000000110
00000000111000000011000000100000
00001100000000000000000000100110
10001111101001100000000000001000
10001111101111110000000000010000
00100011101111010000000000010100
00000011111000000000000000001000
00100000100001001111111111111111
10001111101001100000000000001100
10001111101001110000000000001000
00001100000000000000000000000110
10001111101001000000000000000000
00001100000000000000000000100110
00100000100001001111111111111111
10001111101001010000000000001000
10001111101001100000000000000100
10001111101001110000000000001100
00001100000000000000000000000110
10001111101001000000000000000000
10001111101001010000000000000100
10001111101001100000000000001000
10001111101001110000000000001100
10001111101111110000000000010000
00100011101111010000000000010100
00000011111000000000000000001000
00100000100001000000000000000000
00100000101001010000000000000000
00100000110001100000000000000000
00000011111000000000000000001000
