00100000000101110000000000010100
00100000000010000000000000000000
10101110111010000000000000000000
00100000000010000000000000000001
10101110111010000000000000000100
00100000000010000000000000000010
10101110111010000000000000001000
00100000000010000000000000000011
10101110111010000000000000001100
00100000000010000000000000000100
10101110111010000000000000010000
00100000000010000000000000000101
10101110111010000000000000010100
00100000000010000000000000000110
10101110111010000000000000011000
00100000000010000000000000000111
10101110111010000000000000011100
00100000000010000000000000001000
10101110111010000000000000100000
00100000000010000000000000001001
10101110111010000000000000100100
00100000000100000000000000000010
00000000000100000100000010000000
00000010111010000100000000100000
10001101000100010000000000000000
10001110111100100000000000010100
